%YAML:1.0
detector: !!opencv-matrix
   rows: 1
   cols: 3780
   dt: f
   data: [ -2.86338031e-001, -3.01858969e-002, -1.09092072e-002,
       -9.46530104e-002, -2.42732853e-001, -8.84610474e-001,
       8.54047090e-002, 4.32122529e-001, 8.54071230e-003,
       6.74574124e-003, -1.02318093e-001, 3.02249432e-001,
       -4.53680903e-002, 5.73203087e-001, -1.89231470e-001,
       1.36729822e-001, 4.74784970e-002, -1.82259142e-001,
       1.36445910e-001, 1.24157518e-001, -2.68048108e-001,
       4.54520695e-002, 1.11783959e-001, -2.48017848e-001,
       -8.92072171e-002, 2.13040784e-001, 1.71218008e-001,
       2.20339254e-001, -6.01814836e-002, 1.95574418e-001,
       1.71872810e-001, 1.49302423e-001, 1.70603409e-001,
       2.79401448e-002, 1.38243571e-001, 2.48988926e-001,
       1.38492882e-001, 3.09232026e-002, 2.80082822e-001,
       6.10032417e-002, 7.09502876e-001, -1.58442095e-001,
       3.63243818e-002, 4.50955369e-002, -1.45096466e-001,
       -3.29589695e-001, 8.93643200e-002, -1.20024048e-001,
       -1.95669055e-001, 3.36919039e-001, -9.16251764e-002,
       8.74273330e-002, -2.43603021e-001, -1.36329651e-001,
       3.20277691e-001, 1.55070946e-002, 1.40907675e-001,
       1.49399936e-001, 2.32574210e-001, 4.62791324e-002,
       -1.21907227e-001, 9.35514495e-002, 2.83027083e-001,
       1.19068831e-001, -2.04666778e-001, 9.92623866e-002,
       -1.97783843e-001, 1.98173955e-001, 1.30856019e-002,
       -4.96842526e-002, 3.10652643e-001, 1.45623446e-001,
       -4.78042960e-001, -2.95147412e-002, -8.55250582e-002,
       -2.49537885e-001, 3.05427492e-001, -1.44281626e-001,
       2.16621280e-001, -2.50477254e-001, -6.15632609e-002,
       3.88901606e-002, -8.95774439e-002, -3.50398391e-001,
       -4.39597666e-002, -4.03764434e-002, -3.18142980e-001,
       -1.12640522e-001, -2.68041700e-001, 2.49904498e-001,
       1.15493290e-001, -2.55494565e-001, 1.17011152e-001,
       -2.14140728e-001, 2.50725746e-001, -1.79770507e-003,
       -1.47485912e-001, 2.57246852e-001, 3.60091805e-001,
       -6.02789484e-002, 1.93570569e-001, 1.02522053e-001,
       1.63810030e-001, -3.18220370e-002, -4.56616133e-001,
       3.12032223e-001, 1.66010872e-001, -1.35616198e-001,
       -1.25135198e-001, 1.23350257e-002, -4.15232360e-001,
       -3.57598186e-001, -1.58893809e-001, -2.67230213e-001,
       6.72846055e-003, -1.45384550e-001, 1.12043701e-001,
       1.58363819e-001, 1.20810293e-001, -4.51982468e-002,
       -1.62725486e-002, 3.16957682e-001, -3.66778195e-001,
       3.69703442e-001, -2.83596575e-001, -1.36692256e-001,
       8.47142190e-002, 2.44458653e-002, 2.14590237e-001,
       -1.05264604e-001, 2.07632095e-001, -2.57412165e-001,
       4.44673270e-001, 6.98607683e-001, -4.31653261e-002,
       -1.56238168e-001, 7.54464790e-002, 4.07500237e-001,
       -1.49458781e-001, 2.74117794e-002, 1.83102310e-001,
       5.95665932e-001, -1.97471723e-001, 1.18231267e-001,
       4.00798023e-001, 2.93403357e-001, -5.94910122e-002,
       -1.74189359e-001, 3.56302857e-001, -2.58978754e-001,
       1.99341238e-001, -1.97618976e-001, 6.85532540e-002,
       -2.01690853e-001, 1.72776714e-001, -6.69521745e-003,
       -1.64157331e-001, -9.10561830e-002, -4.25585091e-001,
       5.20902634e-001, -8.63620341e-002, 1.88898072e-001,
       1.87070202e-003, 5.15133068e-002, 4.31983948e-001,
       -1.33196875e-001, 1.45428300e-001, -2.44640782e-002,
       5.85013032e-001, -1.47057638e-001, 3.70862991e-001,
       1.20835103e-001, -1.92496758e-002, 2.94267029e-001,
       -2.02120632e-001, -6.88463300e-002, 1.60818473e-001,
       1.54065400e-001, -2.67816857e-002, 1.65920645e-001,
       -9.52183604e-002, 3.11661869e-001, 7.28051439e-002,
       -2.01664761e-001, -1.73002943e-001, -4.42029357e-001,
       3.43823016e-001, 1.38080330e-003, 8.98404196e-002,
       4.37436044e-001, 1.30054578e-001, -5.45492303e-003,
       -1.96780026e-001, 2.55963266e-001, -3.96666020e-001,
       1.03224657e-001, 1.78702325e-002, 4.16645139e-001,
       1.29359588e-001, -1.10912800e-001, 6.64588660e-002,
       -3.30484182e-001, -1.55037463e-001, 9.49651971e-002,
       2.16567609e-002, 2.85881869e-002, 8.05678070e-002,
       1.93539783e-001, 9.74849090e-002, 1.82363823e-001,
       7.86182731e-002, 1.48820132e-001, 1.00111760e-001,
       1.14181854e-001, 2.20617145e-001, 3.22248876e-001,
       1.53210238e-001, 1.52672917e-001, 2.25913692e-002,
       -2.42708385e-001, 1.18763354e-002, -2.65568405e-001,
       1.59656212e-001, -2.84169674e-001, 4.68426466e-001,
       3.69708717e-001, -4.25212145e-001, -3.16012502e-001,
       -2.71452874e-001, 8.35335329e-002, 1.78948775e-001,
       6.26025558e-001, -2.02088952e-001, -4.04904008e-001,
       1.12819687e-001, 2.27813289e-001, 3.38455401e-002,
       -1.77543223e-001, -1.20442666e-001, 7.14340508e-002,
       2.25987062e-001, 1.24889813e-001, 3.53345610e-002,
       3.50805432e-001, 1.67977923e-004, 4.67211660e-003,
       -7.58475736e-002, -1.35324495e-002, -1.31781965e-001,
       -1.78068539e-003, 1.21139735e-002, 1.83547065e-001,
       -9.31287482e-002, -8.86488631e-002, -2.17611101e-002,
       -2.28143364e-001, -4.10775319e-002, -2.68711925e-001,
       -1.84570804e-001, 1.46313742e-001, -1.35450214e-001,
       -1.51563287e-002, -1.97219640e-001, 6.51498362e-002,
       9.75801647e-002, 2.37486839e-001, 3.07121016e-002,
       2.52313986e-002, 7.43840858e-002, -1.96351539e-002,
       1.06717832e-001, -7.92875537e-004, -1.44807562e-001,
       4.74625751e-002, -4.65117842e-002, 6.64409995e-002,
       4.17736441e-001, 1.43773302e-001, -1.40798069e-003,
       1.26991451e-001, 1.29177481e-001, 6.64241463e-002,
       -1.29230618e-001, 1.52400613e-001, -3.72902602e-002,
       3.47265542e-001, -2.33452171e-001, -2.36425459e-001,
       3.10853776e-002, -5.41738719e-002, 8.52462351e-002,
       -4.19956706e-002, 2.03851998e-001, -2.35029534e-001,
       -2.53016651e-002, 9.76038203e-002, -8.08768645e-002,
       -1.41097143e-001, -1.69581354e-001, 5.21879941e-002,
       -1.33864060e-001, 4.05155215e-003, -5.21687828e-002,
       1.33120686e-001, 2.47015864e-001, -3.53312306e-002,
       -9.50728208e-002, -3.92229669e-002, 1.06151707e-001,
       -1.07680731e-001, 1.98844783e-002, -9.82300788e-002,
       4.78395790e-001, -2.24352956e-001, -3.39471430e-001,
       3.22085381e-001, -2.60676295e-001, -3.33419442e-002,
       4.42622267e-002, 1.07668154e-001, -5.21901026e-002,
       6.72816113e-002, -7.96246231e-002, 1.85833409e-001,
       -1.80451781e-001, -2.53752649e-001, 5.01687033e-003,
       -4.54703748e-001, -1.21580333e-001, -2.23694921e-001,
       -9.03759077e-002, 2.40208991e-002, -2.15404630e-002,
       -1.26477927e-001, 1.33198202e-002, 7.68791139e-002,
       6.37146458e-002, -2.12825581e-001, -4.33729887e-001,
       1.79124624e-001, 3.18513364e-001, -1.89157918e-001,
       2.77898252e-001, -2.43689910e-001, -1.22615345e-001,
       -9.83982682e-002, -6.05002418e-002, -1.94944128e-001,
       -1.32436812e-001, -3.48168194e-001, 1.59512773e-001,
       1.43642828e-001, 2.16255799e-001, 3.56701046e-001,
       4.41400528e-001, 7.21476525e-002, 3.81298631e-001,
       -3.01826112e-002, 3.39780003e-001, 1.56994566e-001,
       1.17839861e-003, -1.60240367e-001, 5.77660426e-002,
       -2.25579411e-001, -1.33533338e-002, -5.23391724e-001,
       8.76454785e-002, 3.93238366e-001, -2.46830508e-001,
       -2.69012272e-001, -2.05999866e-001, 2.48732269e-001,
       -5.17931998e-001, -2.99024910e-001, -1.62139460e-001,
       3.52075875e-001, -4.59155887e-001, -3.73341516e-002,
       1.32712305e-001, 6.10256903e-002, 2.90019155e-001,
       5.03937602e-001, -1.21379737e-002, 2.29808107e-001,
       -7.40432292e-002, 3.26272964e-001, 1.29873931e-001,
       4.24757004e-001, 2.01381028e-001, 1.67018622e-001,
       2.38947585e-001, 4.36726660e-001, 3.09560001e-001,
